image_width: 1280
image_height: 720
camera_name: camera
camera_matrix:
  rows: 3
  cols: 3
  data: [974.7757354679698, 0, 643.4504010170115, 0, 972.3140781568143, 339.0719671298916, 0, 0, 1]
distortion_model: plumb_bob
distortion_coefficients:
  rows: 1
  cols: 5
  data: [-0.3617524736277728, 0.1265891380124921, -0.0001648738399080756, -0.002702119415026362, 0]
rectification_matrix:
  rows: 3
  cols: 3
  data: [1, 0, 0, 0, 1, 0, 0, 0, 1]
projection_matrix:
  rows: 3
  cols: 4
  data: [798.9983520507812, 0, 637.2477258509134, 0, 0, 919.58203125, 336.0998357384233, 0, 0, 0, 1, 0]